L	-0.10167464       -0.18847665       0.25650084       0.21899535       0.28483072       -0.5526325       -0.11441375       -0.01496081       0.36749226       -0.07764732       0.073890395       -0.3100165       0.18679665       -0.086218506       0.35932633       0.18430132       0.20477766       -0.16865957       0.3420929       0.602002       0.09008555       -0.48623452       -0.19744794       0.24208546       -0.08653407       -0.3663712       0.18389393       -0.22693864       -0.021090826       0.13339655       0.25145867       0.1552157
A	0.009114676       -0.032956403       -1.0515507       0.5269174       -0.07852448       0.13209243       -0.42992273       -0.23240535       0.8397832       0.6483583       0.92762834       -0.41501698       1.5130008       -1.1323792       0.90731806       0.3259063       0.2673335       0.04302958       0.06843054       -0.6801375       0.00036940962       0.5386652       -0.16851035       0.42325807       -0.4220212       -0.17455038       -0.5150086       0.26950687       -0.14871103       -0.23020147       -0.36487323       0.1917362
S	0.9069288       0.09213549       -0.70168364       1.109734       -0.9388816       0.40219265       -0.98261034       -0.1110744       0.3624463       -0.4843245       -0.5536274       -0.6737496       -0.55851394       -0.22502296       -1.0063081       -0.8177551       -1.3285527       0.014512101       0.63341445       0.27530402       0.42422667       -0.7340774       -0.6413405       -0.27918732       0.6219069       0.07486176       0.20186597       -0.68597853       -0.15883057       0.09338808       -0.5624719       0.21442531
E	0.40939775       0.70730084       0.3483405       -1.265734       0.16616014       -0.28066763       0.4850549       -0.76274174       -0.1331523       -0.20357448       -0.3102168       -0.9238818       0.2990334       0.09123446       1.0328128       -0.073396735       0.7361869       0.2486964       0.21474491       1.1174719       -0.012176585       0.044191226       0.5131187       -0.911665       -1.1725053       -0.19399562       0.8425204       -0.2623852       0.5571941       1.338481       -0.8925093       -0.38175142
G	-0.49079219       -1.0922029       -0.84919137       0.771438       -0.9677236       0.026202103       -0.13152467       0.3873374       1.0082378       0.66221464       -0.12986086       0.42771363       0.45902973       -0.4249019       -0.23247965       0.26283395       0.31351137       -0.027931035       -0.24948068       -0.2752049       0.39897397       0.28355068       -0.4851372       0.74548477       0.83959633       0.18710563       -0.9726966       0.77054685       -0.24477161       0.19235802       -0.278812       0.5369438
V	0.05535664       -0.24380049       -0.2747962       0.07736038       -0.36235896       -0.20037654       -0.35496387       0.06709966       0.53343266       0.18778725       0.049441773       0.3679948       0.39906645       -0.026605789       0.37001446       0.34164074       0.4533828       -0.007461151       0.03096016       0.23800577       -0.08880482       0.17496921       -0.105503045       0.26676154       0.14946002       -0.3580245       -0.5563496       0.01705457       -0.22829667       0.2868086       -0.011797965       0.026085868
K	0.57975787       0.57450706       0.54965794       -1.315562       0.525844       0.02018846       0.773375       -0.40483195       -0.10688621       -0.13829161       0.027151827       -0.3875048       -1.1630661       0.93429965       -0.020783706       0.15232584       0.8820402       0.3447731       0.73709136       1.1297607       0.19587861       -0.19744858       0.5423492       -1.0777026       -0.70585936       -0.15148757       1.0004027       -0.83382285       0.39602065       1.1202401       -0.93880355       -0.23967683
I	0.13659592       -0.03011588       0.6418941       -0.45399883       0.29364592       -0.28052142       -0.018948488       0.21879368       0.026732953       -0.115575746       0.27141953       0.74841315       -0.64337784       1.2549443       -0.03739069       -0.07804592       0.4440205       0.023839867       0.24218746       0.98868555       -0.055424493       -0.6503028       -0.46711135       -0.48001683       0.096745454       -0.053752206       -0.011434732       -0.42999977       0.095410064       0.2419957       -0.4094351       0.1460598
T	1.0617878       0.03260972       -0.8503058       0.2828054       -0.3135854       0.31362176       -0.97578335       -0.100380324       0.462639       0.12504004       -0.4996827       -0.11543141       -0.18514979       0.04233339       -0.31406948       -0.17788848       -0.6281397       0.9158393       0.46391365       0.15436938       0.011567258       -0.23819293       -0.6213861       0.0908619       1.0224457       -0.18183713       -0.23274578       -0.40827146       0.11780985       -0.29306784       -0.23377967       0.30348697
R	-0.41382518       0.20047186       -0.6114687       0.3865844       -0.09645988       -0.74150234       0.29410666       -0.05077612       0.31156585       -0.13122948       -0.5748732       -0.8101363       0.91878754       -0.5698805       0.7619005       0.032158766       0.43733272       -0.28689873       -0.9569459       -0.057078026       0.52979374       -0.17555258       0.66215235       0.2717127       -0.6373512       -0.28681037       0.34186253       -0.25636622       0.3547495       0.6204526       -0.08803705       0.38882393
D	0.18158853       -0.02527875       0.432131       0.06474837       -0.197538       -0.7101173       -0.2581217       -0.006523042       -0.18037032       -0.21320163       -0.33318445       0.17274146       0.051814917       0.6979732       0.4673477       -0.08497861       0.38943094       -0.018981494       -0.23815818       0.90734226       0.12731163       0.02296763       -0.22937019       -0.3958356       -0.46684995       -0.5649351       -0.14179143       -0.23394817       0.22038059       0.6374734       -0.51508206       -0.32344636
P	0.6609253       -1.0912119       -1.8978767       0.48613515       -1.2393812       -0.104925245       -1.1390628       -0.6820603       -0.16213174       -0.11319623       -0.08636409       -1.2559696       -0.24399374       -1.2119495       0.015587871       -0.7965813       -0.13619481       -0.4968908       0.27538386       -0.7442167       0.31095886       0.010929754       0.6134534       0.81588966       1.6864275       -0.21883848       -0.41975304       -0.059071925       -0.0803552       -0.61755407       0.15853451       -0.013898287
N	0.637481       -0.34461865       0.77586585       -0.7395349       0.5807926       -0.85968965       -0.2910135       -0.013727434       1.5055673       -0.72954196       0.2668097       0.4423363       -1.7394639       1.8268569       -0.6165612       -1.0417243       -0.19180422       -0.38092458       -0.11080468       1.2310519       -0.8670535       -1.0722016       -1.3145401       -1.2905765       0.35522044       1.2349038       0.2586714       -1.4068785       -0.014058822       -0.6124586       -1.1445704       -0.09326199
Q	-0.38279587       -0.3834654       -1.0764097       -0.66955185       0.75707054       -0.6561923       0.5370544       -2.0525837       0.9138972       0.12220807       0.74317497       -1.8794383       -0.2279037       0.26411137       1.1317431       -1.5939044       -0.36745226       0.21288219       1.0189469       -0.112160735       -0.55896616       -1.3716177       0.0032421958       0.5011235       -1.0965747       0.002972469       0.72048503       -0.39961994       0.0062797694       0.07759453       0.8188101       0.3679017
F	0.02342802       -0.20172478       0.7019924       0.59195685       0.22380386       -0.53506166       0.13908747       0.4254264       -0.07479032       -0.21195744       -0.010923841       0.6003595       -0.5103928       0.81120944       -0.3308218       -0.15592013       0.4283783       -0.542709       0.2150706       0.75302714       -0.08148373       -0.45343703       -0.23827848       0.042511538       0.89120126       -0.48048604       -0.17379479       -0.15613501       -0.42507854       0.096875116       0.3572954       0.4845003
Y	-0.05001983       -0.27054578       0.5306981       0.4931049       0.28158763       -0.5978693       0.103162386       0.2451196       0.06534827       -0.3979259       0.4352003       0.56653315       -0.8096364       1.2433269       -0.18867245       -0.4156727       0.76057863       -0.4953629       -0.3077767       0.92095816       -0.12407399       -0.2951016       -0.16676664       0.2004931       0.5314155       -0.20014939       0.1654417       -0.17134386       -0.02665539       0.3697171       0.22534053       0.4190089
H	-0.65897167       0.20448649       0.33461007       0.091023915       -0.34419206       -0.72228825       -0.7140346       0.6666       0.81737906       -0.37511715       0.115876146       -0.8581644       -0.101896405       0.11584795       0.3781889       -0.41366777       0.19046722       -0.03796794       -0.4898144       0.15187535       0.12665181       -0.94059575       0.58560926       0.54268       0.7839985       -0.49347594       -0.06549912       -0.15315783       -0.41542754       0.38318285       0.9046741       0.86787367
M	-0.21033543       0.06189268       0.18428105       -0.1900957       0.02823628       -0.22986731       0.20801713       0.081311315       0.15165691       -0.21490033       0.06505962       0.04596153       -0.026696268       0.17472027       0.29241255       -0.38154       -0.020456659       -0.18814766       -0.060643878       0.1310028       0.17114045       0.026285533       -0.1566405       0.0216021       0.038977113       -0.068947405       -0.1472017       0.10228758       0.059530243       0.18613027       0.108552       -0.047021806
C	1.1045392       -0.52800363       1.0896189       0.028459733       -1.0063714       -0.21157703       0.09845396       0.9851835       2.2526965       0.54028857       -0.71681935       0.568085       -0.444475       -1.1363924       -1.4181182       -0.48686978       1.3693808       -0.94731563       -0.760058       1.6345959       -0.6039251       -1.2013711       0.91711444       2.4839163       0.2946031       -1.379694       -0.4962999       0.50005007       -0.5671915       0.55237675       0.98398334       1.1772367
W	-0.42333555       -0.26154318       0.17125708       1.4831691       0.6533264       -0.8393233       0.3889797       0.17842191       0.789167       0.022603357       -0.30194128       -0.041538734       -0.22657703       0.09597823       -0.20569728       0.009300985       0.6890115       -0.43728542       -0.51414025       0.14669178       -0.4581745       0.2128162       0.32749322       0.5927095       1.0109413       -1.154952       -0.2756052       0.36274743       -0.22244285       -0.09577963       0.72367656       0.13709238
X	-2.4842403       -0.228608       0.0031419736       1.5901041       -0.015156882       -0.36776847       -1.1348802       -0.06297837       -0.8451712       1.6899511       0.17978032       1.0734024       0.30626747       -2.080593       0.18974009       -1.849861       0.72209847       2.9911993       0.04332983       1.0341719       -0.32224554       -0.9393175       1.7460264       -0.8993067       -0.3492147       0.7471992       -0.061448444       -1.5263308       0.18382938       0.13882914       0.24648872       -1.4439507
U	-0.2417487       -0.19615515       0.6846246       -0.07022953       -0.55304736       0.7083012       -0.9326144       -0.6374427       -0.2777063       -0.1606323       0.4899941       0.0584718       -0.24813932       -1.7978404       0.56207395       0.6753397       0.6286212       0.80668837       -0.23827678       1.2479037       0.39280483       0.41961712       -0.1524069       0.7099437       -0.122937724       0.1510476       0.70609313       -0.50884587       0.5211524       -0.39810798       0.66131073       -0.25270128
B	-1.12638       -1.0662196       0.98967314       0.69003695       -0.1035174       -0.035597116       -0.8912567       -0.06299452       -0.45821172       0.41252914       0.8871583       0.32860938       0.5217575       -2.161161       -0.48792088       -0.5691329       1.9717582       0.61947256       -0.063187726       1.9424376       0.16836615       -0.8251482       1.4775754       -0.06574179       -0.4349485       0.6050824       0.029661968       -0.6682473       1.1258091       -0.20288943       1.0410768       -0.77585185
Z	-1.0172844       -0.9588284       1.0666476       0.7402312       -0.26316458       0.17861746       -0.8908994       0.12824307       -0.5802356       0.34620535       0.7592408       0.21757548       0.45429665       -1.9117521       -0.38956296       -0.48845598       1.6894403       0.53727585       -0.17091201       1.6664746       0.37857744       -0.7127831       1.4781263       0.06410933       -0.31290743       0.6889768       0.08223985       -0.6318454       0.98314065       -0.25730225       1.1611068       -0.6939048
O	-0.050906826       0.13157818       -0.021924546       -0.091336235       0.11454607       -0.02138675       0.13902889       -0.0048497594       0.14933959       0.021734731       0.0814567       -0.017659452       0.052615795       0.060006585       0.080436625       -0.14560361       0.047367096       -0.07161656       0.100278966       0.01616896       0.15718569       -0.0537342       -0.07243422       0.050087973       0.070237316       -0.15617771       -0.22118108       -0.023896713       0.07492576       0.16292536       0.038921192       -0.13724735
